00000000011100110000001010110011   007302b3
00000000101001001001010000110011   00a49433
01000000110101100000010110110011   40d605b3
00000000101000101010010000100011   00a2a423
00000000101000010000000010010011   00a10093
00000110010000100010000110010011   06422193
00000000001000001000000111100011   002081e3
00000000010000011001000111100011   004191e3
00000000011000101100000111100011   0062c1e3
00000000000100000000001110010011   00100393
00000000001000000000001110010011   00200393
00000000001100000000001110010011   00300393
00000110001100000000010100010011   06300513
00010010001101000101000010110111   123450b7
00000000000000010000000100010111   00010117
